0:-1,1,-1,4
1:0,2,-1,5
2:1,-1,-1,6
3:-1,4,-1,9
4:3,5,0,10
5:4,6,1,11
6:5,7,2,12
7:6,-1,-1,13
8:-1,9,-1,15
9:8,10,3,16
10:9,11,4,17
11:10,12,5,18
12:11,13,6,19
13:12,14,7,20
14:13,-1,-1,21
15:-1,16,8,22
16:15,17,9,23
17:16,18,10,24
18:17,19,11,25
19:18,20,12,26
20:19,21,13,27
21:20,-1,14,28
22:-1,23,15,-1
23:22,24,16,29
24:23,25,17,30
25:24,26,18,31
26:25,27,19,32
27:26,28,20,33
28:27,-1,21,-1
29:-1,30,23,-1
30:29,31,24,34
31:30,32,25,35
32:31,33,26,36
33:32,-1,27,-1
34:-1,35,30,-1
35:34,36,31,-1
36:35,-1,32,-1
